0 0.10703125 0.23046875 0.11484375 0.2140625
0 0.078125 0.5796875 0.08203125 0.225
0 0.1484375 0.5640625 0.08046875 0.2703125
0 0.24296875 0.56328125 0.1015625 0.22578125
0 0.50390625 0.50859375 0.1171875 0.26796875
0 0.6484375 0.47265625 0.15234375 0.31953125
0 0.834375 0.4546875 0.1375 0.30703125
0 0.94453125 0.40390625 0.11015625 0.35234375
0 0.91953125 0.8390625 0.1609375 0.321875
0 0.7125 0.853125 0.20078125 0.29375
0 0.49765625 0.8609375 0.1234375 0.278125
0 0.38515625 0.8484375 0.1140625 0.303125
0 0.26875 0.85390625 0.103125 0.2921875
0 0.15546875 0.8609375 0.0859375 0.278125
0 0.06171875 0.86875 0.090625 0.25390625
0 0.32734375 0.54765625 0.084375 0.24609375