0 0.89296875 0.23046875 0.11484375 0.2140625
0 0.921875 0.5796875 0.08203125 0.225
0 0.8515625 0.5640625 0.08046875 0.2703125
0 0.75703125 0.56328125 0.1015625 0.22578125
0 0.49609375 0.50859375 0.1171875 0.26796875
0 0.3515625 0.47265625 0.15234375 0.31953125
0 0.165625 0.4546875 0.1375 0.30703125
0 0.05546875 0.40390625 0.11015625 0.35234375
0 0.08046875 0.8390625 0.1609375 0.321875
0 0.2875 0.853125 0.20078125 0.29375
0 0.50234375 0.8609375 0.1234375 0.278125
0 0.61484375 0.8484375 0.1140625 0.303125
0 0.73125 0.85390625 0.103125 0.2921875
0 0.84453125 0.8609375 0.0859375 0.278125
0 0.93828125 0.86875 0.090625 0.25390625
0 0.67265625 0.54765625 0.084375 0.24609375