4 0.89296875 0.23046875 0.115625 0.2140625
4 0.921875 0.5796875 0.0828125 0.225
4 0.8515625 0.5640625 0.08125 0.2703125
4 0.75703125 0.56328125 0.1015625 0.2265625
4 0.49609375 0.50859375 0.1171875 0.26875
4 0.3515625 0.47265625 0.153125 0.3203125
4 0.165625 0.4546875 0.1375 0.30625
4 0.05546875 0.40390625 0.1109375 0.353125
4 0.08046875 0.8390625 0.1609375 0.321875
4 0.2875 0.853125 0.2015625 0.29375
4 0.50234375 0.8609375 0.1234375 0.278125
4 0.61484375 0.8484375 0.1140625 0.303125
4 0.73125 0.85390625 0.103125 0.2921875
4 0.84453125 0.8609375 0.0859375 0.278125
4 0.93828125 0.86875 0.090625 0.2546875
4 0.67265625 0.54765625 0.084375 0.246875