4 0.10703125 0.23046875 0.1140625 0.2140625
4 0.078125 0.5796875 0.0828125 0.225
4 0.1484375 0.5640625 0.08125 0.2703125
4 0.24296875 0.56328125 0.1015625 0.2265625
4 0.50390625 0.50859375 0.1171875 0.26875
4 0.6484375 0.47265625 0.153125 0.3203125
4 0.834375 0.4546875 0.1375 0.30625
4 0.94453125 0.40390625 0.1109375 0.353125
4 0.91953125 0.8390625 0.1609375 0.321875
4 0.7125 0.853125 0.2 0.29375
4 0.49765625 0.8609375 0.1234375 0.278125
4 0.38515625 0.8484375 0.1140625 0.303125
4 0.26875 0.85390625 0.103125 0.2921875
4 0.15546875 0.8609375 0.0859375 0.278125
4 0.06171875 0.86875 0.090625 0.2546875
4 0.32734375 0.54765625 0.084375 0.246875